Cargando archivo: /home/adrii/talos_public_ws/src/talos_astronaut/astronaut/urdfs/astronaut_pinocchio.urdf
Modelo cargado correctamente. Nombre del robot: talos
frame_id: 123
n_frames: 223
Complete J:
       1        0        0        0 -0.18637    0.294        0        0        0        0        0        0        0        0        0        0        0        0        0        0        0        0        0        0        0        0        0        0        0        0        0        0        0        0        0        0        0        0        0   0.1365       -0        0  -0.2643        0        0        0        0        0        0        0        0        0        0        0        0        0        0        0        0        0        0        0        0        0        0        0        0        0        0        0        0        0        0        0        0        0        0        0        0
       0        1        0  0.18637        0  0.00493        0        0        0        0        0        0        0        0        0        0        0        0        0        0        0        0        0        0        0        0        0        0        0        0        0        0        0        0        0        0        0        0        0  0.00493   0.5373        0        0        0        0        0        0        0        0        0        0        0        0        0        0        0        0        0        0        0        0        0        0        0        0        0        0        0        0        0        0        0        0        0        0        0        0        0        0
       0        0        1   -0.294 -0.00493        0        0        0        0        0        0        0        0        0        0        0        0        0        0        0        0        0        0        0        0        0        0        0        0        0        0        0        0        0        0        0        0        0        0        0        0        0     0.02        0        0        0        0        0        0        0        0        0        0        0        0        0        0        0        0        0        0        0        0        0        0        0        0        0        0        0        0        0        0        0        0        0        0        0        0
       0        0        0        1        0        0        0        0        0        0        0        0        0        0        0        0        0        0        0        0        0        0        0        0        0        0        0        0        0        0        0        0        0        0        0        0        0        0        0        0        1        0        0        0        1        0        0        0        0        0        0        0        0        0        0        0        0        0        0        0        0        0        0        0        0        0        0        0        0        0        0        0        0        0        0        0        0        0        0
       0        0        0        0        1        0        0        0        0        0        0        0        0        0        0        0        0        0        0        0        0        0        0        0        0        0        0        0        0        0        0        0        0        0        0        0        0        0        0        0        0        0        1        0        0        1        0        0        0        0        0        0        0        0        0        0        0        0        0        0        0        0        0        0        0        0        0        0        0        0        0        0        0        0        0        0        0        0        0
       0        0        0        0        0        1        0        0        0        0        0        0        0        0        0        0        0        0        0        0        0        0        0        0        0        0        0        0        0        0        0        0        0        0        0        0        0        0        0        1        0        1        0        1        0        0        0        0        0        0        0        0        0        0        0        0        0        0        0        0        0        0        0        0        0        0        0        0        0        0        0        0        0        0        0        0        0        0        0
Jb:
       1        0        0        0 -0.18637    0.294
       0        1        0  0.18637        0  0.00493
       0        0        1   -0.294 -0.00493        0
       0        0        0        1        0        0
       0        0        0        0        1        0
       0        0        0        0        0        1
Jm:
0 0 0 0 0 0 0
0 0 0 0 0 0 0
0 0 0 0 0 0 0
0 0 0 0 0 0 0
0 0 0 0 0 0 0
0 0 0 0 0 0 0
Complete dJ:
         0   0.604897   0.823295  -0.129314  -0.390716 -0.0999936          0          0          0          0          0          0          0          0          0          0          0          0          0          0          0          0          0          0          0          0          0          0          0          0          0          0          0          0          0          0          0          0          0 -0.0999936  0.0334103   -0.07156  -0.370191   -0.07156          0  -0.382666          0          0          0          0          0          0          0          0          0          0          0          0          0          0          0          0          0          0          0          0          0          0          0          0          0          0          0          0          0          0          0          0          0
 -0.604897          0   -0.59688    0.56214   0.115677  -0.526938          0          0          0          0          0          0          0          0          0          0          0          0          0          0          0          0          0          0          0          0          0          0          0          0          0          0          0          0          0          0          0          0          0  -0.431667   0.386657  -0.423179  -0.139249  -0.475918   0.382666          0          0          0          0          0          0          0          0          0          0          0          0          0          0          0          0          0          0          0          0          0          0          0          0          0          0          0          0          0          0          0          0          0          0
 -0.823295    0.59688          0   0.214216   0.502536  -0.239106          0          0          0          0          0          0          0          0          0          0          0          0          0          0          0          0          0          0          0          0          0          0          0          0          0          0          0          0          0          0          0          0          0  -0.109437   0.421004          0   0.640776          0    0.07156   0.475918          0          0          0          0          0          0          0          0          0          0          0          0          0          0          0          0          0          0          0          0          0          0          0          0          0          0          0          0          0          0          0          0          0
         0          0          0          0   0.604897   0.823295          0          0          0          0          0          0          0          0          0          0          0          0          0          0          0          0          0          0          0          0          0          0          0          0          0          0          0          0          0          0          0          0          0   0.823295          0   0.823295  -0.477646   0.623752          0    -1.2607          0          0          0          0          0          0          0          0          0          0          0          0          0          0          0          0          0          0          0          0          0          0          0          0          0          0          0          0          0          0          0          0          0
        -0         -0         -0  -0.604897         -0   -0.59688          0          0          0          0          0          0          0          0          0          0          0          0          0          0          0          0          0          0          0          0          0          0          0          0          0          0          0          0          0          0          0          0          0   -0.59688 -0.0621819   -0.65037          0   -0.65037     1.2607          0          0          0          0          0          0          0          0          0          0          0          0          0          0          0          0          0          0          0          0          0          0          0          0          0          0          0          0          0          0          0          0          0          0
         0          0          0  -0.823295    0.59688          0          0          0          0          0          0          0          0          0          0          0          0          0          0          0          0          0          0          0          0          0          0          0          0          0          0          0          0          0          0          0          0          0          0          0  -0.823295          0    0.65037          0  -0.623752      0.217          0          0          0          0          0          0          0          0          0          0          0          0          0          0          0          0          0          0          0          0          0          0          0          0          0          0          0          0          0          0          0          0          0
dJb:
         0   0.604897   0.823295  -0.129314  -0.390716 -0.0999936
 -0.604897          0   -0.59688    0.56214   0.115677  -0.526938
 -0.823295    0.59688          0   0.214216   0.502536  -0.239106
         0          0          0          0   0.604897   0.823295
        -0         -0         -0  -0.604897         -0   -0.59688
         0          0          0  -0.823295    0.59688          0
dJm:
0 0 0 0 0 0 0
0 0 0 0 0 0 0
0 0 0 0 0 0 0
0 0 0 0 0 0 0
0 0 0 0 0 0 0
0 0 0 0 0 0 0
Jg:
 0.000824585  0.000362411  0.000298946  0.000238069  0.000176674  0.000117333  5.83136e-05
 1.58494e-05  0.000448205  0.000356416  0.000279915  0.000199528  0.000131024  6.23434e-05
  8.2271e-05 -0.000386724 -0.000311363 -0.000245673 -0.000177629 -0.000117099 -5.66546e-05
  7.9811e-05   0.00131097   0.00105468  0.000832448  0.000601033  0.000396352  0.000190779
 -0.00299603 -1.01636e-05 -9.56395e-06 -7.11058e-06 -6.54188e-06 -4.11082e-06 -3.57575e-06
 -0.00025754   0.00121953   0.00100432  0.000800502  0.000592302  0.000393685  0.000193529
dJg:
  0.00126228 -0.000168922 -0.000140472 -0.000112624 -8.40104e-05 -5.61015e-05 -2.74782e-05
-0.000427129  9.27683e-05   6.2207e-05   4.5048e-05   2.4775e-05  1.47371e-05  4.74784e-06
 -0.00170711  0.000100605  7.18842e-05  5.43146e-05  3.32472e-05  2.09854e-05  7.59962e-06
 -0.00202432  0.000997884  0.000821068  0.000654748  0.000483682  0.000321632  0.000157168
 0.000105443  -0.00152092  -0.00123743 -0.000981349 -0.000717096 -0.000474734 -0.000230915
 -0.00185398  -0.00108539 -0.000874021 -0.000689594 -0.000498732 -0.000328768 -0.000159202
